image_width: 1920
image_height: 1080
camera_name: camera
camera_matrix:
  rows: 3
  cols: 3
  data: [1078.0683 ,   0.     , 1011.8409,
           0.     , 1077.72263, 561.52914,
           0.     ,   0.     ,   1.     ]
distortion_model: plumb_bob
distortion_coefficients:
  rows: 1
  cols: 5
  data: [-0.067012, 0.060594, -0.000304, 0.006127, 0.000000]
rectification_matrix:
  rows: 3
  cols: 3
  data: [1., 0., 0.,
         0., 1., 0.,
         0., 0., 1.]
projection_matrix:
  rows: 3
  cols: 4
  data: [1078.0683 ,   0.     , 1011.8409,   0.     ,
           0.     , 1077.72263, 561.52914,   0.     ,
           0.     ,   0.     ,   1.     ,   0.     ]