mono pinhole calibration...
D = [-0.11103214230427291, 0.10530752792103004, -0.001902732730740349, -0.0033181293470989272, 0.0]
K = [1576.3261470654636, 0.0, 945.4382306802398, 0.0, 1580.517840742769, 529.645200588515, 0.0, 0.0, 1.0]
R = [1.0, 0.0, 0.0, 0.0, 1.0, 0.0, 0.0, 0.0, 1.0]
P = [1533.0361301450228, 0.0, 938.80831062144, 0.0, 0.0, 1561.688522037263, 528.3371050428722, 0.0, 0.0, 0.0, 1.0, 0.0]
None
# oST version 5.0 parameters


[image]

width
1920

height
1080

[narrow_stereo]

camera matrix
1576.326147 0.000000 945.438231
0.000000 1580.517841 529.645201
0.000000 0.000000 1.000000

distortion
-0.111032 0.105308 -0.001903 -0.003318 0.000000

rectification
1.000000 0.000000 0.000000
0.000000 1.000000 0.000000
0.000000 0.000000 1.000000

projection
1533.036130 0.000000 938.808311 0.000000
0.000000 1561.688522 528.337105 0.000000
0.000000 0.000000 1.000000 0.000000

('Wrote calibration data to', '/tmp/calibrationdata.tar.gz')

